mace: 12.572689
orb: 12.006286
grace: 92.700271
deepmd: 13.017289
mace-mpa-0: 14.095556
mattersim: 17.271352
