deepmd-DPA3-v2-OpenLAM: 74209.895684
deepmd-DPA3-v2-MPtrj: 72816.092893
grace-GRACE-2L-OAM: 74894.710102
