mace-MACE-MPA-0: 1046.425293
mace-MACE-MP-0: 614.643681
grace-GRACE-2L-OAM: 3814.907478
grace-GRACE-1L-OAM: 1478.971998
grace-GRACE-2L-MPtrj: 3814.964675
mattersim-MatterSim-v1.0.0-5M: 759.846464
orb-ORB: 383.563339
orb-ORB-MPTrj: 389.000483
sevenn-SevenNet-MF-ompa: 1555.740943
sevenn-SevenNet-l3i5: 1231.188514
deepmd-DPA3-v2-OpenLAM: 615.020387
deepmd-DPA3-v2-MPtrj: 1528.307616
orb-ORB-V3: 503.362565
