deepmd-DPA3-v2-OpenLAM: 74209.895684
deepmd-DPA3-v2-MPtrj: 72816.092893
grace-GRACE-2L-OAM: 74894.710102
grace-GRACE-1L-OAM: 75353.845878
grace-GRACE-2L-MPtrj: 76700.911626
mace-MACE-MPA-0: 73604.928267
mattersim-MatterSim-v1.0.0-5M: 72200.897121
orb-ORB: 71147.176530
orb-ORB: 70798.749248
sevenn-SevenNet-MF-ompa: 76619.467005
sevenn-SevenNet-l3i5: 76717.712189
